,0,1,2,3,4,5,6,7
0,1.0,96.8329623953,95.3507666707,94.6255516181,94.1996259255,93.9201050949,93.7227497533,93.5760437568
1,96.8329623953,1.0,99.8554034017,99.7037222695,99.5959723011,99.5186615001,99.4611498277,99.416910134
2,95.3507666707,99.8554034017,1.0,99.9730598653,99.9347062729,99.9015719089,99.8746450487,99.8528328232
3,94.6255516181,99.7037222695,99.9730598653,1.0,99.9916494603,99.9776195565,99.9639229107,99.9518140871
4,94.1996259255,99.5959723011,99.9347062729,99.9916494603,1.0,99.9966122261,99.9902857832,99.9835829502
5,93.9201050949,99.5186615001,99.9015719089,99.9776195565,99.9966122261,1.0,99.9983713816,99.9951127829
6,93.7227497533,99.4611498277,99.8746450487,99.9639229107,99.9902857832,99.9983713816,1.0,99.9991201103
7,93.5760437568,99.416910134,99.8528328232,99.9518140871,99.9835829502,99.9951127829,99.9991201103,1.0
