,0,1,2,3,4,5,6,7
0,0.0,0.666666666667,0.8,0.857142857143,0.888888888889,0.909090909091,0.923076923077,0.933333333333
1,0.666666666667,0.0,0.4,0.571428571429,0.666666666667,0.727272727273,0.769230769231,0.8
2,0.8,0.4,0.0,0.285714285714,0.444444444444,0.545454545455,0.615384615385,0.666666666667
3,0.857142857143,0.571428571429,0.285714285714,0.0,0.222222222222,0.363636363636,0.461538461538,0.533333333333
4,0.888888888889,0.666666666667,0.444444444444,0.222222222222,0.0,0.181818181818,0.307692307692,0.4
5,0.909090909091,0.727272727273,0.545454545455,0.363636363636,0.181818181818,0.0,0.153846153846,0.266666666667
6,0.923076923077,0.769230769231,0.615384615385,0.461538461538,0.307692307692,0.153846153846,0.0,0.133333333333
7,0.933333333333,0.8,0.666666666667,0.533333333333,0.4,0.266666666667,0.133333333333,0.0
